sample,0,1,2,3
Training_1,0.005,0.8349285714285715,0.010095238095238095,0.14997619047619046
Training_2,0.04460664268565529,0.8237915030177149,0.0,0.13160185429662904
Training_3,0.9352380952380953,0.016,0.044261904761904766,0.0045000000000000005
Training_4,0.006428571428571428,0.7458888888888889,0.019333333333333334,0.22834920634920639
Training_5,0.04460664268565529,0.8237915030177149,0.0,0.13160185429662904
Training_6,0.15340476190476193,0.2561190476190476,0.3949285714285714,0.19554761904761908
Training_7,0.006428571428571428,0.1871626984126984,0.029047619047619048,0.7773611111111113
Training_8,0.008095238095238095,0.4259126984126984,0.005,0.5609920634920634
Training_9,0.04460664268565529,0.8237915030177149,0.0,0.13160185429662904
Training_10,0.04460664268565529,0.8237915030177149,0.0,0.13160185429662904
Training_11,0.04460664268565529,0.8237915030177149,0.0,0.13160185429662904
Training_12,0.04460664268565529,0.8237915030177149,0.0,0.13160185429662904
Training_13,0.021856441499938272,0.9114954056398618,0.0,0.06664815286019966
Training_14,0.005,0.7667142857142857,0.0,0.22828571428571431
Training_15,0.2934563492063491,0.04933333333333333,0.646376984126984,0.010833333333333332
Training_16,0.04460664268565529,0.8237915030177149,0.0,0.13160185429662904
Training_17,0.04460664268565529,0.8237915030177149,0.0,0.13160185429662904
Training_18,0.04460664268565529,0.8237915030177149,0.0,0.13160185429662904
Training_19,0.04460664268565529,0.8237915030177149,0.0,0.13160185429662904
Training_20,0.4407301587301587,0.0648452380952381,0.47599603174603156,0.01842857142857143
Training_21,0.44292063492063494,0.43167460317460316,0.10673809523809526,0.018666666666666668
Training_22,0.01,0.8903809523809524,0.016523809523809524,0.08309523809523808
Training_23,0.002,0.9537849206349206,0.0,0.04421507936507936
Training_24,0.9070000000000001,0.035166666666666666,0.04583333333333333,0.012
Training_25,0.8055079365079364,0.04960714285714286,0.057869047619047626,0.08701587301587299
Training_26,0.002,0.9537849206349206,0.0,0.04421507936507936
Training_27,0.0,0.9484,0.0,0.0516
Training_28,0.7606150793650792,0.060476190476190475,0.14125,0.03765873015873016
Training_29,0.04460664268565529,0.8237915030177149,0.0,0.13160185429662904
Training_30,0.8581071428571428,0.04810714285714285,0.0783095238095238,0.015476190476190475
Training_31,0.04460664268565529,0.8237915030177149,0.0,0.13160185429662904
Training_32,0.7773333333333334,0.06966666666666665,0.1505,0.0025
Training_33,0.8110873015873016,0.08353174603174604,0.08061904761904762,0.02476190476190476
Training_34,0.11883333333333333,0.7075674603174601,0.05711904761904762,0.11648015873015874
Training_35,0.04460664268565529,0.8237915030177149,0.0,0.13160185429662904
Training_36,0.9193571428571429,0.032214285714285716,0.04592857142857144,0.0025
Training_37,0.6859444444444444,0.14084126984126985,0.15949999999999998,0.013714285714285714
Training_38,0.0014285714285714286,0.18671031746031744,0.012142857142857143,0.7997182539682541
Training_39,0.005666666666666666,0.2969642857142857,0.023571428571428566,0.6737976190476189
Training_40,0.8282857142857142,0.07247619047619047,0.09157142857142858,0.007666666666666667
Training_41,0.0014285714285714286,0.8156746031746032,0.010666666666666666,0.17223015873015876
Training_42,0.04460664268565529,0.8237915030177149,0.0,0.13160185429662904
Training_43,0.002,0.8712857142857143,0.02452380952380952,0.10219047619047618
Training_44,0.9325,0.014166666666666668,0.05083333333333333,0.0025
Training_45,0.7602619047619047,0.08929365079365079,0.09273809523809523,0.05770634920634921
Training_46,0.04460664268565529,0.8237915030177149,0.0,0.13160185429662904
Training_47,0.01485560252238223,0.9387592508224141,0.0,0.04638514665520371
Training_48,0.005,0.7622380952380952,0.003333333333333333,0.22942857142857143
Training_49,0.7555952380952382,0.04333333333333334,0.18857142857142847,0.0125
Training_50,0.4283055555555556,0.10947619047619049,0.10385714285714286,0.35836111111111096
Training_51,0.7570119047619047,0.058499999999999996,0.16748809523809527,0.017
Training_52,0.04460664268565529,0.8237915030177149,0.0,0.13160185429662904
Training_53,0.2933611111111111,0.17500396825396825,0.5283015873015874,0.003333333333333333
Training_54,0.005879587803500848,0.9588162558456037,0.0,0.03530415635089548
Training_55,0.04460664268565529,0.8237915030177149,0.0,0.13160185429662904
Training_56,0.04460664268565529,0.8237915030177149,0.0,0.13160185429662904
Training_57,0.04249242424242425,0.7022468102073364,0.005,0.25026076555023924
Training_58,0.04460664268565529,0.8237915030177149,0.0,0.13160185429662904
Training_59,0.002,0.9537849206349206,0.0,0.04421507936507936
Training_60,0.04460664268565529,0.8237915030177149,0.0,0.13160185429662904
Training_61,0.8970238095238094,0.04797619047619048,0.055,0.0
Training_62,0.002,0.9553849206349205,0.0,0.04261507936507936
Training_63,0.4677500000000001,0.3676309523809524,0.15895238095238096,0.005666666666666666
Training_64,0.20883333333333337,0.07672619047619048,0.12052380952380953,0.5939166666666666
Training_65,0.8990714285714286,0.03321428571428571,0.06092857142857142,0.006785714285714286
Training_66,0.016166666666666666,0.46905158730158725,0.003333333333333333,0.5114484126984127
Training_67,0.04460664268565529,0.8237915030177149,0.0,0.13160185429662904
Training_68,0.08208333333333334,0.3355674603174603,0.07920238095238095,0.5031468253968253
Training_69,0.6811984126984127,0.08121428571428572,0.19919047619047617,0.0383968253968254
Training_70,0.784011904761905,0.035595238095238096,0.1456428571428571,0.034749999999999996
Training_71,0.04460664268565529,0.8237915030177149,0.0,0.13160185429662904
Training_72,0.0,0.5062373015873017,0.0,0.4937626984126983
Training_73,0.4226190476190477,0.0761904761904762,0.49869047619047613,0.0025
Training_74,0.8860238095238095,0.049166666666666664,0.04733333333333333,0.017476190476190475
Training_75,0.028333333333333332,0.4576666666666666,0.06195238095238095,0.4520476190476191
Training_76,0.8615238095238095,0.06164285714285714,0.07433333333333333,0.0025
Training_77,0.04460664268565529,0.8237915030177149,0.0,0.13160185429662904
Training_78,0.002,0.6865634920634921,0.0,0.3114365079365079
Training_79,0.836190476190476,0.06183333333333334,0.08638095238095239,0.015595238095238096
Training_80,0.025,0.7566904761904764,0.055238095238095246,0.16307142857142856
